              precision    recall  f1-score   support

           0       1.00      1.00      1.00    316508
           1       1.00      1.00      1.00       147
           2       1.00      1.00      1.00       814
           3       1.00      1.00      1.00     19029
           4       1.00      1.00      1.00      1514
           5       1.00      1.00      1.00        16
           6       1.00      1.00      1.00     31694
           7       1.00      0.99      1.00       116
           8       0.99      1.00      1.00       348
           9       1.00      1.00      1.00       674
          10       1.00      1.00      1.00       772
          11       1.00      1.00      1.00       369
          12       1.00      1.00      1.00       794
          13       1.00      1.00      1.00         2
          14       1.00      1.00      1.00         2
          15       1.00      0.71      0.83         7
          16       1.00      1.00      1.00         9
          17       1.00      1.00      1.00     13725
          18       1.00      1.00      1.00     31813
          19       1.00      1.00      1.00       592
          20       1.00      1.00      1.00         5
          21       1.00      1.00      1.00        15
          22       0.80      0.92      0.86       258
          23       1.00      1.00      1.00         3
          24       0.00      0.00      0.00         1
          25       1.00      1.00      1.00         4
          26       0.78      0.55      0.65       131

    accuracy                           1.00    419362
   macro avg       0.95      0.93      0.94    419362
weighted avg       1.00      1.00      1.00    419362
